128858234963870
73712648372529
129374138957839
122093765414243
84718660553933
132882927873162
113796657600133
119288137404917
123575733455078
112633028773652
110591913606525
124835338808539
94342406790448
89693348679998
108994225394628
121360767354125
71325346259288
94117598250849
76413979364891
82436415908570
128452363948887
108225413751836
101850319642500
95108514008898
90800603177477
91252471739863
116754101962526
107089610218410
85761485813876
82052725367058
76868723857599
73213686438301
87960385367322
80844658781070
107337458519104